shape_id,shape_pt_lat,shape_pt_lon,shape_pt_sequence,shape_dist_traveled
p_914339,39.633341,-106.507163,1,0
p_914339,39.633317,-106.507034,2,11.39056667
p_914339,39.633257,-106.506898,3,24.8328061
p_914339,39.633137,-106.5066,4,53.67723009
p_914339,39.633087,-106.506471,5,66.06525516
p_914339,39.63303,-106.506329,6,79.80065361
p_914339,39.632884,-106.50587,7,122.40940678
p_914339,39.63259,-106.50479,8,220.70513856
p_914339,39.632458,-106.504384,9,258.51600183
p_914339,39.632447,-106.504268,10,268.5492037
p_914339,39.632408,-106.504053,11,287.50804856
p_914339,39.632372,-106.503717,12,316.62925697
p_914339,39.63236,-106.503628,13,324.38520254
p_914339,39.632352,-106.503593,14,327.51848665
p_914339,39.632294,-106.503379,15,346.9863031
p_914339,39.632193,-106.503172,16,367.99956179
p_914339,39.632034,-106.502966,17,392.98770467
p_914339,39.631904,-106.502799,18,413.33172144
p_914339,39.631631,-106.502453,19,455.77082498
p_914339,39.631502,-106.502275,20,476.71502016
p_914339,39.631411,-106.502091,21,495.46639045
p_914339,39.631361,-106.50194,22,509.56855822
p_914339,39.631283,-106.501526,23,546.15084871
p_914339,39.631235,-106.501273,24,568.51550213
p_914339,39.631173,-106.500918,25,599.76049633
p_914339,39.631139,-106.500611,26,626.38588062
p_914339,39.631112,-106.500408,27,644.06968947
p_914339,39.63103,-106.50009,28,672.84854268
p_914339,39.630961,-106.499864,29,693.70869822
p_914339,39.630889,-106.499635,30,714.93184602
p_914339,39.630786,-106.4994,31,738.12273218
p_914339,39.630689,-106.499264,32,754.00706361
p_914339,39.630597,-106.499127,33,769.58510587
p_914339,39.630512,-106.498968,34,786.1802826
p_914339,39.630439,-106.498744,35,807.04939731
p_914339,39.630387,-106.498493,36,829.35837406
p_914339,39.630346,-106.498282,37,848.03645609
p_914339,39.630282,-106.497996,38,873.59780881
p_914339,39.630238,-106.497878,39,884.84479008
p_914339,39.630195,-106.497777,40,894.74333518
p_914339,39.630134,-106.497681,41,905.41092757
p_914339,39.630055,-106.497547,42,919.87750993
p_914339,39.630003,-106.497449,43,930.08147769
p_914339,39.62994,-106.497287,44,945.64952005
p_914339,39.629896,-106.497098,45,962.59519227
p_914339,39.629883,-106.496816,46,986.84875263
p_914339,39.62991,-106.496607,47,1005.04073829
p_914339,39.629949,-106.496471,48,1017.49380467
p_914339,39.63001,-106.49631,49,1032.88620627
p_914339,39.630073,-106.496144,50,1048.76178318
p_914339,39.63018,-106.49587,51,1075.11507772
p_914339,39.630209,-106.495747,52,1086.15492705
p_914339,39.630235,-106.495597,53,1099.35240882
p_914339,39.630244,-106.495454,54,1111.66993873
p_914339,39.63024,-106.49528,55,1126.61490251
p_914339,39.630212,-106.495114,56,1141.20157484
p_914339,39.63017,-106.494952,57,1155.87063885
p_914339,39.630132,-106.494851,58,1165.51371178
p_914339,39.63007,-106.494727,59,1178.19115075
p_914339,39.629943,-106.494548,60,1199.04755408
p_914339,39.629819,-106.494419,61,1216.71669206
p_914339,39.629587,-106.494205,62,1248.35602426
p_914339,39.629174,-106.493831,63,1304.33485628
p_914339,39.628756,-106.493462,64,1360.52629441
p_914339,39.628653,-106.493376,65,1374.13857717
p_914339,39.628604,-106.493337,66,1380.52674659
p_914339,39.628573,-106.49332,67,1384.26527269
p_914339,39.628526,-106.493306,68,1389.62020516
p_914339,39.628465,-106.493308,69,1396.39505914
p_914339,39.628437,-106.493325,70,1399.82939859
p_914339,39.628411,-106.493343,71,1403.10374569
p_914339,39.628381,-106.493364,72,1406.89123006
p_914339,39.628348,-106.493401,73,1411.74047995
p_914339,39.628316,-106.493447,74,1417.0527462
p_914339,39.62826,-106.493547,75,1427.6531589
p_914339,39.628143,-106.493788,76,1452.08402786
p_914339,39.628041,-106.493971,77,1471.45160848
p_914339,39.627967,-106.494116,78,1486.36743081
p_914339,39.627839,-106.494352,79,1511.11641683
p_914339,39.627818,-106.494386,80,1514.85237063
p_914339,39.627803,-106.494417,81,1517.99200718
p_914339,39.627791,-106.494468,82,1522.56886104
p_914339,39.627779,-106.494537,83,1528.64087825
p_914339,39.627775,-106.494604,84,1534.41032923
p_914339,39.627775,-106.494689,85,1541.7080649
p_914339,39.627763,-106.49473,86,1545.47185265
p_914339,39.627748,-106.494762,87,1548.68459523
p_914339,39.627735,-106.494792,88,1551.6371145
p_914339,39.627713,-106.494812,89,1554.62288133
p_914339,39.627692,-106.49483,90,1557.42011698
p_914339,39.627671,-106.494847,91,1560.17085068
p_914339,39.62764,-106.494888,92,1565.0939982
p_914339,39.627611,-106.494924,93,1569.55720491
p_914339,39.627591,-106.494951,94,1572.76726337
p_914339,39.62755,-106.495038,95,1581.51453879
p_914339,39.627537,-106.495092,96,1586.37024195
p_914339,39.627505,-106.495203,97,1596.54099492
p_914339,39.627495,-106.495248,98,1600.56088493
p_914339,39.627387,-106.495619,99,1634.59576269
p_914339,39.627355,-106.495696,100,1642.100916
p_914339,39.627328,-106.495766,101,1648.81700156
p_914339,39.627312,-106.495858,102,1656.91307606
p_914339,39.627312,-106.495954,103,1665.15527952
p_914339,39.62732,-106.495986,104,1668.04269128
p_914339,39.627322,-106.49601,105,1670.1151722
p_914339,39.62733,-106.496028,106,1671.8976523
p_914339,39.627342,-106.496102,107,1678.38921017
p_914339,39.627337,-106.496152,108,1682.71776854
p_914339,39.627331,-106.496194,109,1686.38474875
p_914339,39.627323,-106.496228,110,1689.43600353
p_914339,39.627297,-106.496271,111,1694.12243696
p_914339,39.627276,-106.496294,112,1697.17787034
p_914339,39.627254,-106.49633,113,1701.1173547
p_914339,39.627212,-106.49638,114,1707.45559597
p_914339,39.627193,-106.496421,115,1711.55940893
p_914339,39.627185,-106.496464,116,1715.35658154
p_914339,39.62718,-106.496526,117,1720.7085501
p_914339,39.627173,-106.496574,118,1724.90230422
p_914339,39.627166,-106.496625,119,1729.34942269
p_914339,39.627176,-106.49672,120,1737.58100694
p_914339,39.627183,-106.496769,121,1741.85915972
p_914339,39.627222,-106.496886,122,1752.79787945
p_914339,39.62725,-106.49696,123,1759.87105302
p_914339,39.627372,-106.497119,124,1779.10202962
p_914339,39.627488,-106.497278,125,1797.86973403
p_914339,39.627605,-106.497425,126,1815.98136255
p_914339,39.627836,-106.497722,127,1852.14756301
p_914339,39.628084,-106.498046,128,1891.28784336
p_914339,39.62834,-106.4984,129,1932.90018865
p_914339,39.62844,-106.49855,130,1949.90372362
p_914339,39.628553,-106.498758,131,1971.72815825
p_914339,39.62867,-106.49898,132,1994.79370425
p_914339,39.628724,-106.499116,133,2007.91925211
p_914339,39.628806,-106.499303,134,2026.37578865
p_914339,39.628867,-106.499464,135,2041.76839391
p_914339,39.628941,-106.499708,136,2064.27041504
p_914339,39.629015,-106.499965,137,2087.81498996
p_914339,39.6291,-106.50037,138,2123.84387261
p_914339,39.629137,-106.500632,139,2146.70967982
p_914339,39.629147,-106.500732,140,2155.36657567
p_914339,39.62917,-106.501001,141,2178.60205409
p_914339,39.629178,-106.501276,142,2202.22860173
p_914339,39.629182,-106.501449,143,2217.08797796
p_914339,39.62919,-106.501518,144,2223.07812066
p_914339,39.629205,-106.501599,145,2230.2289308
p_914339,39.62921,-106.50168,146,2237.20522279
p_914339,39.62923,-106.501719,147,2241.22293084
p_914339,39.629247,-106.501756,148,2244.91796631
p_914339,39.629257,-106.50179,149,2248.04101929
p_914339,39.629264,-106.501819,150,2250.64926496
p_914339,39.629276,-106.50189,151,2256.88879553
p_914339,39.629266,-106.501947,152,2261.90683498
p_914339,39.629235,-106.502015,153,2268.68395455
p_914339,39.629214,-106.502049,154,2272.41986287
p_914339,39.629189,-106.502076,155,2276.03619112
p_914339,39.629154,-106.502098,156,2280.35686557
p_914339,39.629122,-106.502111,157,2284.08092841
p_914339,39.629086,-106.502118,158,2288.12284728
p_914339,39.629054,-106.502108,159,2291.77798779
p_914339,39.629004,-106.502077,160,2297.93438626
p_914339,39.628974,-106.502052,161,2301.89686512
p_914339,39.62895,-106.502015,162,2306.04309801
p_914339,39.628923,-106.50197,163,2310.93315424
p_914339,39.628897,-106.501929,164,2315.48548478
p_914339,39.628845,-106.50185,165,2324.3924893
p_914339,39.628803,-106.501804,166,2330.5033005
p_914339,39.628766,-106.501777,167,2335.22021277
p_914339,39.628574,-106.501674,168,2358.29889459
p_914339,39.628402,-106.501583,169,2378.93199404
p_914339,39.628357,-106.501569,170,2384.07077987
p_914339,39.628286,-106.501539,171,2392.36384429
p_914339,39.62824,-106.501531,172,2397.51708648
p_914339,39.628152,-106.501514,173,2407.39592004
p_914339,39.628096,-106.501525,174,2413.6847758
p_914339,39.628003,-106.501544,175,2424.13839281
p_914339,39.627834,-106.501618,176,2443.94846485
p_914339,39.627693,-106.501707,177,2461.36863877
p_914339,39.627473,-106.50186,178,2489.10282726
p_914339,39.627441,-106.501762,179,2498.23609829
p_914339,39.627357,-106.501801,180,2508.14527335
p_914339,39.627132,-106.501907,181,2534.73255585
p_914339,39.626995,-106.501976,182,2551.05623071
p_914339,39.626881,-106.50206,183,2565.62384726
p_914339,39.626804,-106.50219,184,2579.68315222
p_914339,39.62674,-106.502365,185,2596.30366441
p_914339,39.62685,-106.502419,186,2609.36708408
p_914339,39.626938,-106.502464,187,2619.87365933
p_914339,39.627022,-106.50248,188,2629.30059346
p_914339,39.627285,-106.502518,189,2658.68251685
p_914339,39.627361,-106.502556,190,2667.72936675
p_914339,39.62743,-106.502609,191,2676.63976896
p_914339,39.627472,-106.502701,192,2685.81230714
p_914339,39.627541,-106.502884,193,2703.29216635
p_914339,39.627613,-106.503021,194,2717.51379098
p_914339,39.627655,-106.503059,195,2723.20493059
p_914339,39.627678,-106.503105,196,2727.90796714
p_914339,39.627697,-106.503166,197,2733.55406329
p_914339,39.627689,-106.503265,198,2742.10007239
p_914339,39.627663,-106.503326,199,2748.08016003
p_914339,39.627583,-106.503487,200,2764.51071876
p_914339,39.62756,-106.503685,201,2781.70093097
p_914339,39.627548,-106.503792,202,2790.9836326
p_914339,39.627491,-106.50399,203,2809.12291445
p_914339,39.62748,-106.504074,204,2816.43750434
p_914339,39.627476,-106.504295,205,2835.41689491
p_914339,39.627491,-106.504486,206,2851.8997567
p_914339,39.627506,-106.504631,207,2864.45978803
p_914339,39.627537,-106.504776,208,2877.37594193
p_914339,39.627583,-106.504913,209,2890.19916792
p_914339,39.627628,-106.505066,210,2904.25319685
p_914339,39.628319,-106.507027,211,3089.27188275
p_914339,39.628448,-106.507378,212,3122.63742051
p_914339,39.628525,-106.507515,213,3137.1782148
p_914339,39.628967,-106.508446,214,3230.9714244
p_914339,39.629036,-106.508606,215,3246.69991801
p_914339,39.629101,-106.508766,216,3262.21693507
p_914339,39.629147,-106.508896,217,3274.49099979
p_914339,39.629158,-106.508926,218,3277.34150857
p_914339,39.62978,-106.510712,219,3445.51002742
p_914339,39.629887,-106.51104,220,3476.07323523
p_914339,39.629929,-106.5112,221,3490.5796562
p_914339,39.629971,-106.511368,222,3505.73804822
p_914339,39.629993,-106.51152,223,3519.01433493
p_914339,39.630222,-106.51252,224,3608.55290044
p_914339,39.630264,-106.512695,225,3624.28414635
p_914339,39.630318,-106.512871,226,3640.54021373
p_914339,39.630619,-106.513741,227,3722.36735008
p_914339,39.630646,-106.513824,228,3730.09797172
p_914339,39.630756,-106.514114,229,3757.82925545
p_914339,39.630817,-106.514229,230,3769.80192907
p_914339,39.630882,-106.514343,231,3781.96209964
p_914339,39.630955,-106.514458,232,3794.73576586
p_914339,39.631035,-106.514557,233,3807.02934209
p_914339,39.631287,-106.514854,234,3844.88385812
p_914339,39.631695,-106.51532,235,3905.32019952
p_914339,39.631824,-106.515457,236,3923.85313923
p_914339,39.631939,-106.515564,237,3939.58238277
p_914339,39.632164,-106.515648,238,3965.58363902
p_914339,39.632225,-106.515656,239,3972.3910554
p_914339,39.632408,-106.515671,240,3992.74986942
p_914339,39.632549,-106.515663,241,4008.41981609
p_914339,39.632866,-106.51564,242,4043.67090387
p_914339,39.633064,-106.51564,243,4065.65436623
p_914339,39.63319,-106.51564,244,4079.64384267
p_914339,39.633293,-106.515648,245,4091.10028919
p_914339,39.633392,-106.515671,246,4102.26796181
p_914339,39.633492,-106.515717,247,4114.05211195
p_914339,39.633587,-106.515778,248,4125.8281904
p_914339,39.633678,-106.515854,249,4137.85523656
p_914339,39.633759,-106.515945,250,4149.76778378
p_914339,39.633823,-106.516045,251,4160.91189378
p_914339,39.633953,-106.516273,252,4185.23155022
p_914339,39.634048,-106.516457,253,4204.22541983
p_914339,39.634125,-106.516602,254,4219.32637831
p_914339,39.634178,-106.516708,255,4230.16310047
p_914339,39.634201,-106.516747,256,4234.37387024
p_914339,39.634235,-106.516808,257,4240.8293581
p_914339,39.634464,-106.517197,258,4282.8014184
p_914339,39.634476,-106.51722,259,4285.183376
p_914339,39.634518,-106.517296,260,4293.20290793
p_914339,39.63467,-106.517624,261,4326.03085236
p_914339,39.634754,-106.517815,262,4344.89445271
p_914339,39.63464,-106.517998,263,4365.06890328
p_914339,39.634281,-106.518623,264,4431.90867598
p_914339,39.633987,-106.519157,265,4488.18536676
p_914339,39.633926,-106.519257,266,4499.1200897
p_914339,39.633873,-106.519379,267,4511.1334387
p_914339,39.633862,-106.519463,268,4518.44737552
p_914339,39.633926,-106.519477,269,4525.65406842
p_914339,39.633893,-106.519562,270,4533.81934756
p_914339,39.633837,-106.519712,271,4548.11902858
p_914339,39.633784,-106.519853,272,4561.57816444
p_914339,39.633763,-106.519913,273,4567.23219077
p_914339,39.633724,-106.519974,274,4574.02726971
p_914339,39.633506,-106.520355,275,4614.71714318
p_914339,39.633418,-106.520523,276,4632.13759265
p_914339,39.63338,-106.520631,277,4642.32406252
p_914339,39.633366,-106.520722,278,4650.28943857
p_914339,39.633381,-106.520904,279,4666.00242667
p_914339,39.633407,-106.520984,280,4673.45234002
p_914339,39.633561,-106.521427,281,4715.1501063
p_914339,39.633585,-106.521492,282,4721.33383996
p_914339,39.63369,-106.521643,283,4738.76797406
p_914339,39.633755,-106.521684,284,4746.79735692
p_914339,39.633872,-106.521722,285,4760.19094621
p_914339,39.63411,-106.52176,286,4786.81612305
p_914339,39.6342,-106.52176,287,4796.808608
p_914339,39.634325,-106.522004,288,4821.93591236
p_914339,39.63435,-106.522038,289,4825.96380986
p_914339,39.634367,-106.522064,290,4828.88691267
p_914339,39.634392,-106.522089,291,4832.39555674
p_914339,39.63441,-106.52212,292,4835.7236742
p_914339,39.634421,-106.522153,293,4838.80868456
p_914339,39.634429,-106.52217,294,4840.51713602
p_914339,39.634442,-106.522204,295,4843.77332436
p_914339,39.634449,-106.522257,296,4848.38914105
p_914339,39.634444,-106.522293,297,4851.52911289
p_914339,39.634435,-106.522327,298,4854.61423428
p_914339,39.634423,-106.522361,299,4857.82275198
p_914339,39.634403,-106.522387,300,4860.9712173
p_914339,39.634383,-106.522407,301,4863.77813236
p_914339,39.634357,-106.52243,302,4867.27552667
p_914339,39.634322,-106.522445,303,4871.36929546
p_914339,39.634304,-106.522451,304,4873.43310355
p_914339,39.634282,-106.522453,305,4875.88173799
p_914339,39.634261,-106.522451,306,4878.21963105
p_914339,39.63424,-106.522446,307,4880.59039261
p_914339,39.634223,-106.522436,308,4882.66392199
p_914339,39.6342,-106.522427,309,4885.33188168
p_914339,39.634183,-106.522411,310,4887.66623817
p_914339,39.63416,-106.5224,311,4890.38888456
p_914339,39.634121,-106.522394,312,4894.74949
p_914339,39.63408,-106.522386,313,4899.3531382
p_914339,39.634048,-106.52237,314,4903.16229394
p_914339,39.63401,-106.522357,315,4907.52645302
p_914339,39.633953,-106.52234,316,4914.02112323
p_914339,39.633916,-106.522339,317,4918.13004158
p_914339,39.633847,-106.522342,318,4925.79527419
p_914339,39.633392,-106.522341,319,4976.31290524
p_914339,39.633172,-106.522336,320,5000.74274718
p_914339,39.632952,-106.522309,321,5025.27855103
p_914339,39.6327,-106.522278,322,5053.38378932
p_914339,39.632397,-106.522329,323,5087.30886475
p_914339,39.632321,-106.522313,324,5095.85803076
p_914339,39.632291,-106.522144,325,5110.74412803
p_914339,39.632274,-106.52207,326,5117.37149635
p_914339,39.632254,-106.521995,327,5124.18240747
p_914339,39.632236,-106.521893,328,5133.16428478
p_914339,39.632213,-106.521826,329,5139.45762583
p_914339,39.632183,-106.521728,330,5148.50629612
p_914339,39.632144,-106.521608,331,5159.68133404
p_914339,39.632037,-106.521356,332,5184.3628244
p_914339,39.631895,-106.521022,333,5217.08539815
p_914339,39.631816,-106.520857,334,5233.74646055
p_914339,39.631748,-106.520628,335,5254.80612095
p_914339,39.631729,-106.520481,336,5267.60128614
p_914339,39.631704,-106.520303,337,5283.13277549
p_914339,39.631647,-106.520002,338,5309.73755383
p_914339,39.631451,-106.519458,339,5361.26158794
p_914339,39.631415,-106.519319,340,5373.8464984
p_914339,39.631353,-106.519119,341,5392.34522674
p_914339,39.631241,-106.518796,342,5422.73574645
p_914339,39.631205,-106.518585,343,5441.28612977
p_914339,39.631031,-106.517153,344,5565.73422315
p_914339,39.630995,-106.51704,345,5576.22660456
p_914339,39.630961,-106.516899,346,5588.90664917
p_914339,39.6309,-106.516713,347,5606.25197108
p_914339,39.630838,-106.516536,348,5622.93421616
p_914339,39.630682,-106.516076,349,5666.05735756
p_914339,39.630606,-106.515848,350,5687.37294843
p_914339,39.630512,-106.515584,351,5712.3253955
p_914339,39.630451,-106.515398,352,5729.67081223
p_914339,39.630314,-106.515118,353,5758.11772039
p_914339,39.63023,-106.514702,354,5795.03004105
p_914339,39.630129,-106.514429,355,5821.01232894
p_914339,39.62992,-106.51385,356,5875.87060297
p_914339,39.629591,-106.512872,357,5967.43661827
p_914339,39.629443,-106.512455,358,6006.82849516
p_914339,39.629313,-106.512119,359,6039.08479923
p_914339,39.629155,-106.512201,360,6057.98707022
p_914339,39.628724,-106.512459,361,6110.71786077
p_914339,39.628656,-106.512495,362,6118.87588572
p_914339,39.6286,-106.512529,363,6125.74456164
p_914339,39.628535,-106.512563,364,6133.52935078
p_914339,39.628423,-106.512646,365,6147.86149687
p_914339,39.62825,-106.51264,366,6167.07616055
p_914339,39.628089,-106.512668,367,6185.11250835
p_914339,39.627773,-106.512711,368,6220.3908951
p_914339,39.627708,-106.512737,369,6227.94502964
p_914339,39.627649,-106.51278,370,6235.46434064
p_914339,39.62763,-106.512842,371,6241.19016819
p_914339,39.627748,-106.513209,372,6275.31442755
p_914339,39.628003,-106.513932,373,6343.5397941
p_914339,39.628161,-106.51436,374,6384.25844411
p_914339,39.6283,-106.514716,375,6418.49813751
p_914339,39.628423,-106.515031,376,6448.79487177
p_914339,39.62852,-106.515283,377,6472.96256234
p_914339,39.628717,-106.515764,378,6519.69339052
p_914339,39.628895,-106.516192,379,6561.41650824
p_914339,39.629007,-106.516475,380,6588.71052921
p_914339,39.629269,-106.517089,381,6648.91839651
p_914339,39.62941,-106.517396,382,6679.57410632
p_914339,39.629551,-106.517717,383,6711.26912447
p_914339,39.629653,-106.517879,384,6729.2048696
p_914339,39.629699,-106.518118,385,6750.34988421
p_914339,39.629781,-106.518371,386,6773.90161823
p_914339,39.629854,-106.518652,387,6799.35146221
p_914339,39.630123,-106.51936,388,6867.07653671
p_914339,39.630453,-106.520218,389,6949.34709527
p_914339,39.630702,-106.520917,390,7015.41963349
p_914339,39.630792,-106.521223,391,7043.52658278
p_914339,39.630997,-106.521977,392,7112.14376627
p_914339,39.63107,-106.522246,393,7136.61883173
p_914339,39.631165,-106.522406,394,7153.93751778
p_914339,39.631216,-106.522449,395,7160.69701837
p_914339,39.631293,-106.522617,396,7177.46339815
p_914339,39.63123,-106.522784,397,7193.41586481
p_914339,39.631257,-106.523104,398,7221.05139158
p_914339,39.631284,-106.523315,399,7239.41240454
p_914339,39.631336,-106.52366,400,7269.58856634
p_914339,39.631388,-106.524024,401,7301.36728023
p_914339,39.631472,-106.524479,402,7341.5274967
p_914339,39.631204,-106.524646,403,7374.5568375
p_914339,39.630727,-106.524735,404,7428.06532729
p_914339,39.631452,-106.524461,405,7511.92705082
p_914339,39.631171,-106.523116,406,7631.53764994
p_914339,39.631143,-106.522987,407,7643.04055023
p_914339,39.631103,-106.522835,408,7656.8250074
p_914339,39.631008,-106.522799,409,7667.81611332
p_914339,39.630938,-106.522589,410,7687.44881614
p_914339,39.631015,-106.522455,411,7701.78173653
p_914339,39.631297,-106.522454,412,7733.09162419
p_914339,39.631431,-106.522429,413,7748.12333282
p_914339,39.632088,-106.52232,414,7821.66622022
p_914339,39.632288,-106.522323,415,7843.87322833
p_914339,39.632324,-106.522412,416,7852.49619983
p_914339,39.632371,-106.522525,417,7863.51169444
p_914339,39.632395,-106.522588,418,7869.54102677
p_914339,39.63243,-106.522666,419,7877.28319315
p_914339,39.63246,-106.522712,420,7882.44940843
p_914339,39.632481,-106.52273,421,7885.24658708
p_914339,39.63251,-106.522753,422,7889.02361599
p_914339,39.632544,-106.522768,423,7893.01215564
p_914339,39.632604,-106.52277,424,7899.6760228
p_914339,39.632632,-106.522757,425,7902.97905546
p_914339,39.6327,-106.52274,426,7910.66869778
p_914339,39.632732,-106.522736,427,7914.23813718
p_914339,39.632773,-106.522723,428,7918.92508191
p_914339,39.63281,-106.522725,429,7923.03668914
p_914339,39.632849,-106.522731,430,7927.39729475
p_914339,39.632888,-106.522745,431,7931.89107945
p_914339,39.632933,-106.52277,432,7937.32879489
p_914339,39.632977,-106.522811,433,7943.34996252
p_914339,39.633037,-106.522916,434,7954.55857213
p_914339,39.633055,-106.52296,435,7958.83203362
p_914339,39.633084,-106.523042,436,7966.57306264
p_914339,39.633121,-106.523133,437,7975.39958004
p_914339,39.633231,-106.52343,438,8003.67083073
p_914339,39.633326,-106.523708,439,8029.76370617
p_914339,39.633432,-106.524067,440,8062.75404428
p_914339,39.633506,-106.524397,441,8092.25143101
p_914339,39.633568,-106.524764,442,8124.50109481
p_914339,39.633592,-106.524872,443,8134.14805156
p_914339,39.6336,-106.52493,444,8139.20586821
p_914339,39.63362,-106.52499,445,8144.81503268
p_914339,39.63371,-106.52518,446,8163.94367776
p_914339,39.63377,-106.5253,447,8176.21171611
p_914339,39.6338,-106.52534,448,8180.99567899
p_914339,39.63383,-106.52539,449,8186.42883832
p_914339,39.63387,-106.52544,450,8192.6052606
p_914339,39.633915,-106.525505,451,8200.09527305
p_914339,39.63401,-106.525673,452,8217.96312494
p_914339,39.634111,-106.525951,453,8244.33208504999
p_914339,39.634224,-106.526282,454,8275.39416687
p_914339,39.63431,-106.526533,455,8298.96274458
p_914339,39.634378,-106.526725,456,8317.09231464
p_914339,39.63444,-106.5269,457,8333.61761299
p_914339,39.63456,-106.52728,458,8368.8554677
p_914339,39.63461,-106.52747,459,8386.08527054
p_914339,39.63474,-106.527888,460,8424.76341496
p_914339,39.63479,-106.527934,461,8431.57606202
p_914339,39.634855,-106.527962,462,8439.18263737
p_914339,39.63494,-106.527952,463,8448.65895039
p_914339,39.635,-106.52792,464,8455.86479735
p_914339,39.635026,-106.527904,465,8459.06163601
p_914339,39.635133,-106.527834,466,8472.37496247
p_914339,39.635166,-106.52777,467,8478.97877113
p_914339,39.634859,-106.52684,468,8565.7880192
p_914339,39.634572,-106.52602,469,8643.05884466
p_914339,39.634372,-106.525418,470,8699.30761223
p_914339,39.634251,-106.525075,471,8731.67322748
p_914339,39.634183,-106.524883,472,8749.80282487
p_914339,39.634156,-106.524828,473,8755.39570103
p_914339,39.634129,-106.524775,474,8760.84440664
p_914339,39.63411,-106.524713,475,8766.56977342
p_914339,39.63409,-106.52459,476,8777.36002286
p_914339,39.634067,-106.524502,477,8785.33456314
p_914339,39.634071,-106.524448,478,8789.99157599
p_914339,39.634078,-106.52438,479,8795.88074341
p_914339,39.634117,-106.524399,480,8800.50784671
p_914339,39.634132,-106.524338,481,8806.00301174
p_914339,39.634193,-106.524132,482,8824.94017418
p_914339,39.634232,-106.524002,483,8836.91096435
p_914339,39.634357,-106.523582,484,8875.54576297
p_914339,39.634403,-106.52343,485,8889.55847546
p_914339,39.63443,-106.523323,486,8899.22094157
p_914339,39.634441,-106.523216,487,8908.48745706
p_914339,39.634438,-106.523071,488,8920.93979669
p_914339,39.634415,-106.522987,489,8928.58978392
p_914339,39.634377,-106.522873,490,8939.24709494
p_914339,39.634323,-106.52272,491,8953.68543815
p_914339,39.634315,-106.52269,492,8956.40973066
p_914339,39.63427,-106.522614,493,8964.62742636
p_914339,39.634243,-106.522522,494,8973.07518955
p_914339,39.63422,-106.522438,495,8980.72519584
p_914339,39.634167,-106.522408,496,8987.14857242
p_914339,39.634132,-106.522354,497,8993.19764007
p_914339,39.634113,-106.522308,498,8997.674772
p_914339,39.634106,-106.522263,499,9001.61532962
p_914339,39.634109,-106.522194,500,9007.54819116
p_914339,39.634125,-106.522141,501,9012.43262311
p_914339,39.634144,-106.52211,502,9015.82858006
p_914339,39.634163,-106.522087,503,9018.71799949
p_914339,39.634163,-106.521996,504,9026.53015094
p_914339,39.634155,-106.521927,505,9032.51987432
p_914339,39.634171,-106.521896,506,9035.71958824
p_914339,39.634193,-106.521858,507,9039.79492696
p_914339,39.634144,-106.521805,508,9046.88712968
p_914339,39.634068,-106.521767,509,9055.93387391
p_914339,39.633873,-106.521729,510,9077.82864997
p_914339,39.633743,-106.521706,511,9092.39666859
p_914339,39.633663,-106.521652,512,9102.41586929
p_914339,39.633572,-106.521545,513,9116.07089258
p_914339,39.633537,-106.521469,514,9123.6649507
p_914339,39.633522,-106.521439,515,9126.73196681
p_914339,39.633331,-106.520821,516,9183.86765976
p_914339,39.633327,-106.520721,517,9192.46402428
p_914339,39.633327,-106.520683,518,9195.72628064
p_914339,39.633347,-106.520615,519,9201.97206626
p_914339,39.633411,-106.520447,520,9218.05010081
p_914339,39.633423,-106.520424,521,9220.43208309
p_914339,39.633472,-106.520332,522,9230.02255286
p_914339,39.633499,-106.520287,523,9234.91241063
p_914339,39.633537,-106.520226,524,9241.63729617
p_914339,39.633713,-106.519905,525,9275.41973805
p_914339,39.633766,-106.519798,526,9286.32869408
p_914339,39.63377,-106.519791,527,9287.07592946
p_914339,39.633808,-106.519722,528,9294.34838418
p_914339,39.633854,-106.519501,529,9313.99624378
p_914339,39.6338,-106.519472,530,9320.48808558
p_914339,39.633867,-106.519376,531,9331.59023151
p_914339,39.633925,-106.519217,532,9346.68284625
p_914339,39.633972,-106.519134,533,9355.51471041
p_914339,39.634011,-106.519084,534,9361.61178141
p_914339,39.634134,-106.518879,535,9383.88768349
p_914339,39.634201,-106.518755,536,9396.87441728
p_914339,39.634406,-106.518365,537,9437.35894525
p_914339,39.634476,-106.518207,538,9452.99167867
p_914339,39.634689,-106.517903,539,9488.21032844
p_914339,39.634778,-106.517837,540,9499.60092757
p_914339,39.634885,-106.518093,541,9524.58320931
p_914339,39.635098,-106.51862,542,9575.63261073
p_914339,39.63513,-106.518713,543,9584.3712064
p_914339,39.635166,-106.518904,544,9601.24804736
p_914339,39.635168,-106.519015,545,9610.77960437
p_914339,39.635172,-106.519089,546,9617.14775566
p_914339,39.635164,-106.519174,547,9624.49857511
p_914339,39.635147,-106.519331,548,9638.10801045
p_914339,39.635127,-106.519412,549,9645.40753575
p_914339,39.635095,-106.519503,550,9653.98955357
p_914339,39.634976,-106.519798,551,9682.55368217
p_914339,39.634917,-106.520012,552,9702.05785328999
p_914339,39.634895,-106.520117,553,9711.39686645999
p_914339,39.634879,-106.520219,554,9720.33163253999
p_914339,39.634874,-106.520329,555,9729.79109898999
p_914339,39.634868,-106.520527,556,9746.80184272999
p_914339,39.634905,-106.520814,557,9771.78003718999
p_914339,39.634936,-106.520929,558,9782.23520277999
p_914339,39.634994,-106.520985,559,9790.27135776999
p_914339,39.635039,-106.521077,560,9799.61690780999
p_914339,39.6351,-106.521188,561,9811.30753617999
p_914339,39.63514,-106.521429,562,9832.46787061999
p_914339,39.635258,-106.521852,563,9871.07205685999
p_914339,39.635331,-106.521977,564,9884.51978619999
p_914339,39.635461,-106.522076,565,9901.26964905999
p_914339,39.635616,-106.522142,566,9919.38762997999
p_914339,39.635741,-106.522148,567,9933.27563973999
p_914339,39.635849,-106.522142,568,9945.27768252999
p_914339,39.635935,-106.522146,569,9954.83223233999
p_914339,39.63601,-106.522145,570,9963.15974822999
p_914339,39.636135,-106.522135,571,9977.06472872999
p_914339,39.636247,-106.522132,572,9989.50249202999
p_914339,39.636313,-106.522129,573,9996.83484114999
p_914339,39.636366,-106.522092,574,10003.52181539
p_914339,39.63644,-106.522062,575,10012.13203334
p_914339,39.636496,-106.522022,576,10019.23477122
p_914339,39.636535,-106.521991,577,10024.3172435
p_914339,39.636592,-106.521946,578,10031.73167469
p_914339,39.636631,-106.521885,579,10038.52658834
p_914339,39.636687,-106.521757,580,10051.15183379
p_914339,39.636689,-106.521708,581,10055.36408101
p_914339,39.636697,-106.521668,582,10058.91088725
p_914339,39.63671,-106.52162,583,10063.27691223
p_914339,39.63675,-106.521576,584,10069.1070406
p_914339,39.636791,-106.521549,585,10074.215283
p_914339,39.636815,-106.52154,586,10076.9896921
p_914339,39.63684,-106.521531,587,10079.87090286
p_914339,39.636888,-106.521526,588,10085.21748744
p_914339,39.636952,-106.521515,589,10092.38572674
p_914339,39.636979,-106.521503,590,10095.55553102
p_914339,39.637029,-106.521485,591,10101.31795164
p_914339,39.637066,-106.521473,592,10105.55316452
p_914339,39.637104,-106.521445,593,10110.40886928
p_914339,39.637155,-106.521392,594,10117.67268598
p_914339,39.637202,-106.521355,595,10123.78162246
p_914339,39.637264,-106.521292,596,10132.53570034
p_914339,39.637436,-106.52113,597,10156.15947569
p_914339,39.637499,-106.52107,598,10164.84598038
p_914339,39.637553,-106.521016,599,10172.42452568
p_914339,39.637598,-106.520962,600,10179.24001047
p_914339,39.63762,-106.52091,601,10184.32847087
p_914339,39.637651,-106.520853,602,10190.31083059
p_914339,39.637687,-106.520804,603,10196.11334715
p_914339,39.637719,-106.520748,604,10202.09101256
p_914339,39.637757,-106.520682,605,10209.15501642
p_914339,39.637801,-106.520634,606,10215.54592523
p_914339,39.637839,-106.52062,607,10219.93280758
p_914339,39.63788,-106.520616,608,10224.49787467
p_914339,39.63792,-106.520619,609,10228.94644247
p_914339,39.637972,-106.520626,610,10234.75106883
p_914339,39.638013,-106.520642,611,10239.50589864
p_914339,39.638058,-106.520665,612,10244.87811299
p_914339,39.638096,-106.520698,613,10249.95996895
p_914339,39.63827,-106.52088,614,10274.80563853
p_914339,39.638424,-106.521043,615,10296.89945081
p_914339,39.638454,-106.521076,616,10301.27200267
p_914339,39.638523,-106.521151,617,10311.27898951
p_914339,39.63865,-106.521299,618,10330.25879912
p_914339,39.638786,-106.521401,619,10347.71356354
p_914339,39.638818,-106.521464,620,10354.18426831
p_914339,39.638852,-106.521507,621,10359.46396537
p_914339,39.638989,-106.521722,622,10383.38033705
p_914339,39.639044,-106.521761,623,10390.34435914
p_914339,39.639113,-106.52173,624,10398.45429061
p_914339,39.639235,-106.521584,625,10416.90829649
p_914339,39.639293,-106.521443,626,10430.61840087
p_914339,39.639302,-106.521305,627,10442.50659375
p_914339,39.639289,-106.521158,628,10455.20756982
p_914339,39.639269,-106.52107,629,10463.0812319
p_914339,39.63924,-106.521,630,10469.898423
p_914339,39.639194,-106.52093,631,10477.78456604
p_914339,39.639082,-106.520799,632,10494.55023419
p_914339,39.638691,-106.520453,633,10547.15019409
p_914339,39.638577,-106.520358,634,10562.20701801
p_914339,39.63846,-106.520257,635,10577.82485171
p_914339,39.638187,-106.519964,636,10617.21201057
p_914339,39.637793,-106.519529,637,10674.72742335
p_914339,39.637486,-106.519176,638,10720.33530136
p_914339,39.637343,-106.518989,639,10742.91338477
p_914339,39.637182,-106.518744,640,10770.51533255
p_914339,39.636997,-106.518424,641,10804.81555536
p_914339,39.636594,-106.517766,642,10876.87577776
p_914339,39.63628,-106.517239,643,10933.99051442
p_914339,39.636011,-106.516806,644,10981.67374641
p_914339,39.635845,-106.516619,645,11006.11530369
p_914339,39.635736,-106.516533,646,11020.2914653
p_914339,39.635633,-106.516473,647,11032.83374916
p_914339,39.635525,-106.516394,648,11046.60970878
p_914339,39.635419,-106.516291,649,11061.33015266
p_914339,39.635324,-106.516173,650,11075.95433087
p_914339,39.635283,-106.5161,651,11083.69994535
p_914339,39.635237,-106.516008,652,11093.105297
p_914339,39.635145,-106.515814,653,11112.64244756
p_914339,39.635075,-106.515668,654,11127.39013727
p_914339,39.635045,-106.515559,655,11137.32257512
p_914339,39.635013,-106.515442,656,11147.97650946
p_914339,39.634935,-106.515098,657,11178.75143811
p_914339,39.634904,-106.514969,658,11190.34821966
p_914339,39.634861,-106.514844,659,11202.09319122
p_914339,39.63481,-106.514716,660,11214.45474949
p_914339,39.634648,-106.51431,661,11253.67604112
p_914339,39.634535,-106.514032,662,11280.63841205
p_914339,39.634487,-106.513867,663,11295.77260544
p_914339,39.634439,-106.513584,664,11320.64508741
p_914339,39.63436,-106.513109,665,11362.35532873
p_914339,39.634235,-106.51234,666,11429.81520685
p_914339,39.634185,-106.512049,667,11455.40628089
p_914339,39.634154,-106.511921,668,11466.92122498
p_914339,39.634109,-106.511789,669,11479.30568236
p_914339,39.634035,-106.511625,670,11495.60670416
p_914339,39.633979,-106.511473,671,11510.06117091
p_914339,39.633945,-106.511327,672,11523.15111929
p_914339,39.633929,-106.51121,673,11533.35122956
p_914339,39.633921,-106.511096,674,11543.17813832
p_914339,39.633919,-106.510923,675,11558.03152276
p_914339,39.633922,-106.510638,676,11582.50050352
p_914339,39.633924,-106.510174,677,11622.33464773
p_914339,39.633925,-106.510053,678,11632.72286274
p_914339,39.633925,-106.509929,679,11643.36802867
p_914339,39.633928,-106.509829,680,11651.95929895
p_914339,39.633931,-106.509512,681,11679.17518711
p_914339,39.633932,-106.509395,682,11689.22002894
p_914339,39.633936,-106.509135,683,11711.54495305
p_914339,39.633924,-106.508938,684,11728.50942924
p_914339,39.633895,-106.508756,685,11744.46210109
p_914339,39.633804,-106.508407,686,11776.08082816
p_914339,39.633623,-106.507759,687,11835.2290971
p_914339,39.633478,-106.507402,688,11869.8480828
p_914339,39.633417,-106.50726,689,11883.79361668
p_914339,39.633341,-106.507163,690,11895.64882439
